[gd_scene load_steps=8 format=3 uid="uid://clmglhxit8qlh"]

[ext_resource type="PackedScene" uid="uid://cnuk4tftfsox7" path="res://block.tscn" id="1_1qp76"]
[ext_resource type="PackedScene" uid="uid://d4j0kkexo57fb" path="res://steve.tscn" id="2_3m63f"]
[ext_resource type="Environment" uid="uid://dpx8o6faj652x" path="res://Resources/level_1_environment.tres" id="4_susms"]
[ext_resource type="PackedScene" uid="uid://cpsurxphnkom5" path="res://coin.tscn" id="5_00pdd"]

[sub_resource type="StandardMaterial3D" id="StandardMaterial3D_jyt0o"]
albedo_color = Color(0.211765, 0.117647, 0.909804, 1)
roughness = 0.0

[sub_resource type="BoxMesh" id="BoxMesh_kektx"]
material = SubResource("StandardMaterial3D_jyt0o")
size = Vector3(10, 0.5, 10)

[sub_resource type="BoxShape3D" id="BoxShape3D_4al0y"]
size = Vector3(10, 0.5, 10)

[node name="Level1" type="Node3D"]

[node name="Floor" type="StaticBody3D" parent="."]
metadata/_edit_group_ = true

[node name="MeshInstance3D" type="MeshInstance3D" parent="Floor"]
mesh = SubResource("BoxMesh_kektx")

[node name="CollisionShape3D" type="CollisionShape3D" parent="Floor"]
shape = SubResource("BoxShape3D_4al0y")

[node name="DirectionalLight3D" type="DirectionalLight3D" parent="."]
transform = Transform3D(1, 0, 0, 0, 0.592337, 0.805691, 0, -0.805691, 0.592337, 0.686175, 6.07017, 3.50012)
shadow_enabled = true

[node name="Blocks" type="Node3D" parent="."]

[node name="Block1" parent="Blocks" instance=ExtResource("1_1qp76")]
transform = Transform3D(1, 0, 0, 0, 1, 0, 0, 0, 1, 0, 2.84196, 0)

[node name="Block2" parent="Blocks" instance=ExtResource("1_1qp76")]
transform = Transform3D(1, 0, 0, 0, 0.909418, 0.415884, 0, -0.415884, 0.909418, 0, 4.71003, 0.362489)

[node name="Block3" parent="Blocks" instance=ExtResource("1_1qp76")]
transform = Transform3D(1, 0, 0, 0, 0.938944, -0.344069, 0, 0.344069, 0.938944, -2.38314, 6.36751, -0.857)

[node name="Block4" parent="Blocks" instance=ExtResource("1_1qp76")]
transform = Transform3D(1, 0, 0, 0, 0.932166, 0.362031, 0, -0.362031, 0.932166, 1.62899, 8.22802, 2.47287)

[node name="Steve" parent="." instance=ExtResource("2_3m63f")]
transform = Transform3D(1, 0, 0, 0, 1, 0, 0, 0, 1, -2.21632, 1.06804, 1.7381)

[node name="Coin1" parent="." instance=ExtResource("5_00pdd")]
transform = Transform3D(1, 0, 0, 0, 1, 0, 0, 0, 1, 3, 1, 2)

[node name="WorldEnvironment" type="WorldEnvironment" parent="."]
environment = ExtResource("4_susms")
